0 0.474141 0.651543 0.064922 0.096094
0 0.126084 0.529463 0.116895 0.080527
0 0.162451 0.446348 0.116895 0.070117
0 0.441670 0.543750 0.072715 0.077930
0 0.535176 0.580117 0.114297 0.072734
0 0.902705 0.560635 0.075332 0.049355
0 0.831279 0.486602 0.051934 0.072734
0 0.281934 0.433359 0.137656 0.116875
0 0.400107 0.442451 0.135059 0.083105
0 0.522188 0.459336 0.077930 0.064922
0 0.826094 0.333359 0.041563 0.041563
0 0.867646 0.315176 0.067520 0.051953
0 0.405312 0.359336 0.031172 0.036367
0 0.497510 0.325566 0.033770 0.036367
0 0.120889 0.371025 0.096113 0.038965
0 0.601416 0.346348 0.059746 0.041563
0 0.671543 0.316475 0.080508 0.038965
0 0.568945 0.407383 0.077930 0.054531
0 0.798809 0.859336 0.272734 0.200000
