0 0.094658 0.729727 0.119473 0.101289
0 0.774287 0.622373 0.188809 0.082246
0 0.207646 0.642715 0.106504 0.031172
0 0.375576 0.598721 0.071426 0.086582
0 0.487031 0.561934 0.121211 0.047617
0 0.528164 0.607383 0.082266 0.051953
0 0.847422 0.369287 0.084414 0.090918
0 0.532500 0.487256 0.069258 0.049785
0 0.509766 0.454795 0.088750 0.045449
0 0.185088 0.552197 0.071426 0.049785
0 0.128818 0.409336 0.028145 0.015156
0 0.320381 0.471025 0.060605 0.030293
0 0.080117 0.446123 0.030313 0.023809
0 0.064951 0.585742 0.129902 0.051953
0 0.598506 0.434229 0.097402 0.043301
0 0.185088 0.496992 0.028145 0.025977
0 0.099600 0.354141 0.060605 0.038945
0 0.451328 0.374697 0.028125 0.019473
0 0.462148 0.732930 0.062773 0.025977
0 0.672100 0.600889 0.101738 0.056270
