0 0.716475 0.485313 0.030293 0.032461
0 0.797568 0.698135 0.084160 0.084160
0 0.336270 0.593721 0.065469 0.056113
0 0.545098 0.593721 0.046758 0.024941
0 0.425098 0.612422 0.074805 0.056094
0 0.961201 0.762031 0.068574 0.031172
0 0.023975 0.386445 0.047949 0.046758
0 0.228730 0.417617 0.062344 0.046758
0 0.393926 0.469053 0.031172 0.056113
0 0.459980 0.471240 0.058437 0.038965
0 0.534658 0.469072 0.082246 0.060605
0 0.181846 0.500459 0.121230 0.045449
0 0.319287 0.540508 0.067090 0.030312
0 0.852842 0.562148 0.051934 0.060625
0 0.688340 0.550244 0.043281 0.049785
0 0.790068 0.456094 0.030293 0.025977
0 0.424268 0.381416 0.038965 0.028145
0 0.703496 0.430107 0.047617 0.034629
0 0.917773 0.427949 0.021641 0.021641
0 0.777080 0.537266 0.038965 0.036797
0 0.627695 0.933467 0.099727 0.124668
0 0.188223 0.713721 0.118438 0.096621
0 0.478086 0.671650 0.074805 0.049863
0 0.501465 0.744893 0.065469 0.046738
0 0.766406 0.866455 0.208828 0.109082
0 0.638604 0.662295 0.115332 0.068574
0 0.157041 0.617100 0.081035 0.046738
