0 0.085508 0.660205 0.171016 0.212129
0 0.643965 0.744619 0.188320 0.086582
0 0.933994 0.738125 0.132012 0.177500
0 0.750029 0.585527 0.127715 0.084414
0 0.297646 0.562793 0.075762 0.043281
0 0.222969 0.467559 0.116875 0.129883
0 0.478379 0.456738 0.077930 0.082266
0 0.431846 0.428604 0.097402 0.060605
0 0.555215 0.448076 0.110391 0.064941
0 0.870156 0.479463 0.125547 0.062754
0 0.722969 0.471885 0.056289 0.038965
0 0.649385 0.489199 0.060605 0.051953
0 0.148301 0.410195 0.106055 0.062773
0 0.101758 0.372324 0.051953 0.043281
0 0.370156 0.372314 0.034648 0.038965
0 0.209980 0.361494 0.043281 0.038965
0 0.796563 0.408037 0.043281 0.032480
