0 0.204570 0.673838 0.404766 0.307363
0 0.869072 0.742021 0.192637 0.093066
0 0.294404 0.451973 0.064941 0.084414
0 0.358252 0.489863 0.093066 0.073594
0 0.228389 0.400029 0.119043 0.067090
0 0.587695 0.469717 0.084414 0.086582
0 0.513018 0.427520 0.086582 0.062773
0 0.435088 0.369072 0.043301 0.041113
0 0.274922 0.364746 0.069258 0.041133
0 0.048730 0.375566 0.041133 0.032461
0 0.738115 0.401543 0.060605 0.036797
0 0.838770 0.412363 0.045469 0.041133
0 0.954561 0.477305 0.090879 0.062773
0 0.752188 0.482715 0.054102 0.047617
0 0.812803 0.463232 0.045449 0.034629
0 0.651543 0.444834 0.077930 0.041113
0 0.400459 0.453496 0.077910 0.041133
0 0.896133 0.594189 0.116875 0.075762
