0 0.608945 0.310234 0.057148 0.036367
0 0.563750 0.868428 0.280508 0.192207
0 0.898760 0.915176 0.202480 0.129883
0 0.802715 0.561934 0.067539 0.077930
0 0.069980 0.444014 0.122070 0.080527
0 0.201152 0.436211 0.124688 0.116875
0 0.331025 0.432324 0.129863 0.103906
0 0.434922 0.462187 0.067539 0.070117
0 0.731016 0.492061 0.062344 0.072715
0 0.337510 0.536221 0.075332 0.098691
0 0.406348 0.573877 0.098711 0.049355
0 0.315439 0.666084 0.098691 0.109082
0 0.785566 0.333613 0.057148 0.057148
0 0.823232 0.310244 0.075332 0.067520
0 0.459600 0.323223 0.049355 0.046758
0 0.550498 0.344004 0.064941 0.041563
0 0.354395 0.353096 0.036367 0.033770
0 0.510244 0.405049 0.093496 0.059746
