0 0.568213 0.624053 0.218613 0.108223
0 0.090928 0.642451 0.108223 0.036777
0 0.041143 0.698730 0.082285 0.045469
0 0.243535 0.621885 0.080078 0.064941
0 0.374492 0.558037 0.099570 0.049785
0 0.400459 0.608906 0.077910 0.051953
0 0.779248 0.364316 0.103887 0.077930
0 0.449160 0.468203 0.114727 0.073594
0 0.083359 0.357812 0.036797 0.025977
0 0.150459 0.542881 0.062754 0.045449
0 0.548730 0.431416 0.114727 0.034629
0 0.030332 0.429248 0.025977 0.030293
0 0.639639 0.311279 0.023809 0.019473
0 0.296563 0.573193 0.056289 0.028145
0 0.295479 0.475791 0.071426 0.023809
0 0.067129 0.521240 0.047617 0.041113
0 0.192666 0.447646 0.021660 0.032480
0 0.119072 0.440068 0.030293 0.034629
0 0.240283 0.443320 0.030293 0.032461
0 0.846348 0.396777 0.056289 0.043281
0 0.944824 0.370801 0.062773 0.051953
0 0.337686 0.442236 0.012988 0.012988
0 0.431846 0.372969 0.028145 0.017305
