0 0.487041 0.750674 0.155840 0.075762
0 0.095264 0.885957 0.173145 0.190469
0 0.146133 0.604570 0.080078 0.043281
0 0.126650 0.652188 0.075762 0.051953
0 0.906953 0.621895 0.138516 0.069258
0 0.817129 0.576436 0.080078 0.056270
0 0.186172 0.526650 0.056289 0.043301
0 0.239209 0.664092 0.067090 0.054121
0 0.310635 0.687910 0.054121 0.058438
0 0.279248 0.535312 0.056270 0.047617
0 0.181846 0.444395 0.082246 0.043281
0 0.070381 0.444395 0.049785 0.030312
0 0.671025 0.571025 0.069277 0.054121
0 0.422109 0.427080 0.043281 0.034629
0 0.303057 0.433574 0.043301 0.017305
0 0.590938 0.471455 0.025977 0.023809
0 0.865830 0.520156 0.056270 0.030312
0 0.938340 0.511494 0.045469 0.038965
0 0.866914 0.402197 0.032461 0.019473
0 0.713232 0.503926 0.067090 0.032461
0 0.392881 0.515830 0.045449 0.043301
0 0.427510 0.608906 0.045449 0.043281
0 0.483799 0.609980 0.045449 0.032461
0 0.346348 0.396777 0.043281 0.025977
0 0.469727 0.424922 0.025977 0.030312
