0 0.495225 0.473721 0.052988 0.040527
0 0.133672 0.397354 0.021836 0.024941
0 0.044834 0.433203 0.037402 0.052969
0 0.440684 0.383340 0.024922 0.028047
0 0.063535 0.386455 0.043633 0.034277
0 0.880166 0.546973 0.031152 0.024922
0 0.796016 0.752686 0.043633 0.049863
0 0.741465 0.740225 0.040508 0.037402
0 0.202246 0.508008 0.028047 0.040508
0 0.256787 0.503340 0.037402 0.031172
0 0.536816 0.726211 0.121211 0.106055
0 0.504580 0.617100 0.052988 0.046738
0 0.613662 0.593730 0.052988 0.031172
0 0.610557 0.670088 0.065449 0.046738
0 0.683799 0.666963 0.062324 0.052988
0 0.744580 0.659180 0.046738 0.049883
0 0.428223 0.470605 0.062344 0.059219
0 0.372109 0.545410 0.056094 0.034297
0 0.116523 0.596836 0.180781 0.062344
0 0.878604 0.699697 0.084160 0.074824
0 0.281406 0.624482 0.069258 0.049785
0 0.963232 0.849590 0.069277 0.058438
0 0.263027 0.417617 0.043633 0.065469
0 0.746133 0.550088 0.031172 0.043652
0 0.554453 0.461250 0.071680 0.059219
0 0.937822 0.428525 0.040527 0.018691
0 0.806914 0.458135 0.034297 0.021816
0 0.637051 0.451904 0.024922 0.021816
0 0.728994 0.506455 0.034277 0.018691
0 0.069775 0.344375 0.031152 0.024922
