0 0.386387 0.864307 0.127695 0.138535
0 0.206738 0.640283 0.080078 0.080098
0 0.757598 0.461719 0.099570 0.095234
0 0.692666 0.675996 0.129863 0.099570
0 0.429688 0.703057 0.136367 0.097402
0 0.095273 0.363232 0.121211 0.045449
0 0.040068 0.409766 0.075762 0.043281
0 0.075791 0.449814 0.064941 0.049785
0 0.192676 0.416260 0.047617 0.043301
0 0.233789 0.444395 0.077930 0.069258
0 0.440498 0.433574 0.093066 0.047617
0 0.398301 0.369727 0.051953 0.036797
0 0.214316 0.347002 0.116875 0.056270
0 0.627734 0.567783 0.112539 0.082246
0 0.478379 0.878389 0.090898 0.071426
0 0.763018 0.628389 0.097402 0.086582
0 0.345264 0.521240 0.114707 0.067090
0 0.673184 0.381621 0.056289 0.047617
0 0.454570 0.337256 0.082266 0.041113
0 0.863662 0.618643 0.064941 0.049785
0 0.905869 0.528818 0.054121 0.082246
0 0.971875 0.626221 0.056250 0.060605
0 0.779248 0.736611 0.060605 0.064941
0 0.857168 0.801543 0.069258 0.043281
0 0.635312 0.779902 0.054102 0.043281
0 0.594180 0.861064 0.062773 0.045449
0 0.577949 0.634873 0.073594 0.051934
