0 0.481631 0.550889 0.101738 0.127715
0 0.613662 0.568213 0.201309 0.119043
0 0.143965 0.492451 0.114727 0.080098
0 0.237041 0.206738 0.049785 0.045469
0 0.805215 0.603926 0.073594 0.047617
0 0.901543 0.557393 0.062773 0.045449
0 0.550889 0.434004 0.049785 0.036797
0 0.471895 0.388555 0.047617 0.045469
0 0.361504 0.335527 0.051953 0.030313
0 0.035742 0.255439 0.032461 0.038965
0 0.426436 0.534658 0.077910 0.064941
0 0.340938 0.543311 0.075742 0.060605
0 0.809551 0.674268 0.060625 0.049785
0 0.914531 0.720811 0.127695 0.082246
0 0.752188 0.464316 0.067109 0.041133
0 0.444834 0.176436 0.041113 0.032480
0 0.194824 0.271670 0.047617 0.032480
0 0.653711 0.218643 0.030312 0.030293
0 0.784658 0.377734 0.045449 0.032461
0 0.608252 0.409121 0.043301 0.021641
0 0.427520 0.474053 0.054102 0.038965
0 0.029248 0.151543 0.041113 0.025977
0 0.877734 0.252188 0.045469 0.032461
0 0.867988 0.629893 0.043281 0.038965
0 0.943750 0.647217 0.073594 0.038965
