0 0.374492 0.398945 0.047617 0.038945
0 0.308467 0.871895 0.170996 0.205625
0 0.702402 0.765830 0.158008 0.119043
0 0.308467 0.665186 0.067090 0.060605
0 0.511934 0.738770 0.110391 0.051953
0 0.966465 0.614307 0.067070 0.049785
0 0.889639 0.567783 0.051934 0.038965
0 0.222969 0.517988 0.043281 0.030313
0 0.200244 0.624053 0.075762 0.082246
0 0.316045 0.530977 0.043301 0.047617
0 0.225137 0.449814 0.056289 0.045449
0 0.488125 0.422754 0.036797 0.025977
0 0.725137 0.574268 0.047617 0.034629
0 0.384229 0.681416 0.049785 0.045449
0 0.538984 0.608896 0.047617 0.034629
0 0.562803 0.535313 0.034629 0.025977
0 0.852842 0.530977 0.043301 0.030312
0 0.970791 0.512588 0.058418 0.045449
0 0.100674 0.450898 0.032480 0.025977
0 0.158037 0.436826 0.082246 0.041113
0 0.427510 0.520156 0.045449 0.047617
0 0.483799 0.616475 0.049785 0.041113
