0 0.728389 0.688340 0.196973 0.268398
0 0.943750 0.934014 0.108242 0.101738
0 0.940488 0.663447 0.119023 0.196973
0 0.409111 0.515176 0.207793 0.129883
0 0.059551 0.271670 0.071445 0.054121
0 0.254355 0.439424 0.119063 0.090918
0 0.623398 0.517344 0.194805 0.090898
0 0.942666 0.527080 0.106074 0.093066
0 0.845264 0.515176 0.119043 0.077930
0 0.930762 0.266260 0.030312 0.030293
0 0.724053 0.295479 0.088730 0.045449
0 0.279248 0.267344 0.077910 0.054102
0 0.425352 0.331191 0.062773 0.077930
0 0.837695 0.375566 0.051953 0.045469
0 0.966484 0.391797 0.062773 0.047617
