0 0.189424 0.351328 0.101738 0.064922
0 0.508682 0.641367 0.082246 0.038945
0 0.689414 0.630537 0.084414 0.060605
0 0.932930 0.618643 0.073594 0.071426
0 0.939424 0.561289 0.069277 0.051953
0 0.898291 0.447646 0.038965 0.028145
0 0.847432 0.539639 0.032480 0.034629
0 0.543320 0.568857 0.090898 0.067090
0 0.358252 0.368643 0.049785 0.038965
0 0.399375 0.442227 0.062773 0.047617
0 0.051982 0.361064 0.086582 0.058457
0 0.164531 0.436816 0.095234 0.084414
0 0.117988 0.645703 0.084414 0.073594
0 0.324707 0.705215 0.103906 0.084414
0 0.706738 0.477949 0.106055 0.080078
0 0.625566 0.670596 0.099570 0.101738
0 0.961055 0.966045 0.077891 0.060605
0 0.930752 0.879463 0.138496 0.116895
0 0.467568 0.861064 0.060605 0.032480
0 0.352842 0.877295 0.082246 0.086582
0 0.242451 0.870801 0.147168 0.116875
