0 0.701318 0.910205 0.281387 0.170996
0 0.234873 0.550898 0.140684 0.136367
0 0.462148 0.576865 0.292227 0.170996
0 0.845264 0.555225 0.045449 0.041113
0 0.743535 0.607178 0.084414 0.071426
0 0.090938 0.489199 0.116875 0.073594
0 0.220801 0.206738 0.047617 0.045469
0 0.531416 0.439424 0.045449 0.038965
0 0.448076 0.387471 0.060605 0.056270
0 0.426426 0.474053 0.121211 0.051934
0 0.776006 0.505654 0.119043 0.038965
0 0.592021 0.519727 0.071426 0.045469
0 0.729463 0.462363 0.090918 0.047617
0 0.945918 0.462363 0.103906 0.038945
0 0.718643 0.400674 0.056270 0.071426
0 0.424268 0.182070 0.038965 0.036797
0 0.859336 0.255664 0.043281 0.036797
0 0.717559 0.679893 0.084414 0.045449
0 0.803057 0.717783 0.103887 0.082246
0 0.808467 0.795693 0.097402 0.086582
