0 0.110410 0.891787 0.216445 0.216426
0 0.932910 0.700244 0.134180 0.240254
0 0.537910 0.548730 0.110391 0.093086
0 0.095264 0.279248 0.082246 0.064941
0 0.027070 0.474053 0.054141 0.056270
0 0.174277 0.445908 0.084414 0.060605
0 0.351758 0.478379 0.088750 0.047617
0 0.428604 0.481621 0.090918 0.058438
0 0.560635 0.504355 0.173145 0.095234
0 0.750020 0.527090 0.110391 0.058437
0 0.933994 0.515186 0.132012 0.060605
0 0.457822 0.332275 0.041113 0.041113
0 0.329023 0.343096 0.073594 0.019473
0 0.307383 0.252188 0.069258 0.036797
0 0.936172 0.273838 0.080078 0.032480
0 0.681846 0.320381 0.030293 0.034629
0 0.301982 0.425352 0.123379 0.080078
0 0.055225 0.370156 0.054121 0.086562
0 0.196992 0.240293 0.077930 0.047617
0 0.795488 0.294404 0.158008 0.038965
0 0.443750 0.243535 0.056289 0.028125
